1 0.1220703125 0.7459917647058824 0.08812500000000001 0.20978399999999991
1 0.2188671875 0.7639745294117648 0.08437499999999998 0.1683909999999999
1 0.3516015625 0.7352001176470588 0.09687499999999999 0.07149599999999999
1 0.445234375 0.753680411764706 0.04375000000000001 0.1486349999999999
1 0.5376171875 0.7406824705882353 0.053749999999999964 0.13358399999999987
1 0.62171875 0.7394502352941176 0.05625000000000002 0.142991
1 0.7048828125 0.319591 0.1050000000000001 0.15051700000000004
1 0.7225390625 0.26098417647058825 0.08062500000000006 0.206021
1 0.769453125 0.21818688235294115 0.06812499999999999 0.22953900000000002
1 0.8372265625 0.1528654705882353 0.12812499999999993 0.235183
1 0.891015625 0.2053195294117647 0.176875 0.26999000000000006
