0 0.188476375 0.8132836566416041 0.35644600000000004 0.05263100000000004
0 0.1904295 0.7042603909774435 0.360352 0.04636600000000007
0 0.1923829375 0.7531323909774436 0.35937499999999994 0.04511300000000016
0 0.1962889375 0.8721804611528822 0.357422 0.030074999999999904
0 0.20117237500000001 0.9674189223057643 0.357421 0.05639100000000009
0 0.18847668750000002 0.536340656641604 0.320312 0.05137899999999995
0 0.188476625 0.6177943909774436 0.30175799999999997 0.04636599999999993
0 0.39550812500000004 0.6967421203007518 0.037109 0.4010019999999999
0 0.4345704375 0.6942352531328321 0.03027299999999994 0.40225599999999995
0 0.472655875 0.7005009097744361 0.02832100000000004 0.451128
0 0.513672 0.6954888471177945 0.03125 0.43233099999999997
0 0.5703128125 0.6804511904761905 0.04199200000000003 0.382205
0 0.643554375 0.7005012456140352 0.04394599999999993 0.438597
